Warning in install.packages :
  Paket ‘viridis’ wird gerade benutzt und deshab nicht installiert
   [1] 425276000 611513000 625582000 656312000 674451000  50116000 204044000 388733000 400237000  87870000  94368000
  [12] 201802000 416044000 419746000 497622000 593452000 720856000  74275000 199677000 270182000 557015000 706007000
  [23] 139685000 453280000 481432000 502854000 546599000   7518000  26864000  44592000 236843000 249043000 281708000
  [34] 295561000 491335000 517102000 524676000 560005000 569510000 707993000 745142000  32359000 121517000 393025000
  [45] 414890000 440395000 467477000 476399000 540019000 133823000 145271000 161199000 186731000 301990000 327630000
  [56] 427518000 557431000 656242000  36882000 188219000 448464000  77291000 235661000 420086000  14800000 407224000
  [67] 455016000 747413000 492223000 241328000 641736000 645602000 738631000 229763000 546667000  94834000 135656000
  [78] 159467000 390068000 399706000 447659000 480085000 538957000 553403000 571170000 580358000 602046000 696902000
  [89] 712608000 181736000 313491000 371502000 426690000 481862000 603095000 703470000  17154000  56108000 201700000
 [100] 221224000 325644000 599590000 605839000  73734000 102078000 227783000 395417000 184982000 211796000 375730000
 [111] 391880000  27312000  93306000 479299000 683144000 726679000 539311000 853819000 822826000 200400000 215111000
 [122] 429005000 679454000 743525000  73225000 210640000 509603000 530393000 548296000 710234000 882015000  75056000
 [133] 278575000 449104000 607491000 667006000 823156000 855847000  39951000  52186000 205659000 316333000 367715000
 [144] 475125000 736429000 822092000 401903000 507911000 659457000 860102000 891635000  20923000  27188000  52486000
 [155]  60712000  97134000 130081000 134769000 215159000 417021000 499248000 607790000 693870000 804218000 816434000
 [166] 897863000 202367000 254970000 391789000 413568000 669769000  70298000 186512000 530690000 546108000 562467000
 [177] 271549000 494550000 560750000 615420000 111351000 267452000 814196000  84333000 339022000 864126000  12092000
 [188] 132256000 299510000 359078000 586293000 708923000 845130000 881723000   3040000 375336000 550945000 608852000
 [199] 705145000 833361000 842813000  86202000  86805000 100387000 192148000 534677000 837271000 863335000 218271000
 [210] 228367000 237948000 245197000 472117000 488144000 601556000 602260000 607459000 744335000 852503000 169437000
 [221] 368996000 448600000 488973000 655031000 733455000  76034000 103857000 349898000 358248000 389756000 577301000
 [232] 590035000 828877000 918820000  85761000 210935000 899428000  42573000 713810000 525743000 347307000 896133000
 [243] 697779000  68139000 355861000   9598000 163946000 202833000 278116000 289331000 465592000 561330000 594938000
 [254] 171345000 215401000 226423000 407616000 826493000  57028000 115068000 151150000 247821000 371063000 487989000
 [265] 512076000 621010000 887436000 902287000  57056000  68630000 139968000 220028000 258412000 426671000 455161000
 [276] 493287000  19790000 109797000 129886000 314268000 383571000 409558000 435344000 529051000 572905000 183991000
 [287] 210864000 320470000 395191000 487900000 865540000 105482000 667992000  96098000 396053000 452740000 605542000
 [298] 222810000 228750000 377837000 508257000 540383000 610545000 846924000 860287000  18605000 158060000 221010000
 [309] 334449000 376439000  93310000 124288000 320620000 383019000 571560000 690012000  73029000 305785000 331757000
 [320] 455137000 587917000 662413000   8277000 566096000 732984000 456630000 588785000 731109000 119473000 172833000
 [331] 388347000 507715000 559963000 235713000  15479000 209401000 698051000 870076000 866989000  11181000  83994000
 [342] 158429000 249025000 265076000 814766000 824564000  93107000 627980000 631040000 843559000 151080000 270481000
 [353] 626701000 647197000  43072000 102655000 106156000 154527000 686311000 734273000 931460000  38207000 149055000
 [364] 222401000 249179000 432341000 510445000 665135000 747258000  98570000 318809000 417130000 428330000 627379000
 [375] 167863000 288423000 299605000 401888000 425836000 576936000 803753000 696542000 147993000 317808000 607474000
 [386] 618381000  97740000 435754000 261306000 324907000 366500000 420410000 474902000 680805000 918266000   3788000
 [397] 116113000 482917000 615658000 717010000  37305000 168163000 203237000 365481000 692889000 720816000 872844000
 [408] 182416000 716739000  12324000 162212000 270849000 367585000 837712000 917788000 510461000 522185000 590146000
 [419] 647057000  97494000 428566000 478631000 910497000 102765000 291325000 298138000 345035000 454042000 547059000
 [430] 662875000 263478000 266795000 417068000 485117000 567128000 696530000  13929000 383255000 451325000 483547000
 [441] 656859000 677944000 717432000 255759000 873560000 910122000 106194000 241184000 429019000 130999000 193637000
 [452] 319206000 340227000 416271000 437327000 455319000 460197000 607237000 101481000 138634000 392052000 748446000
 [463] 805748000  49244000 105232000 172430000 222381000 551408000 289857000 878919000 127968000 501140000 735097000
 [474] 864741000 202757000 216123000 416463000 715228000  91264000 258076000 864276000 211079000 341595000 503847000
 [485]  29342000  82722000 119341000  21518000 303261000 319331000 319732000 507305000 578791000 595233000  75346000
 [496] 191005000 299157000 389123000 426544000 133649000 663923000 716585000 128886000 135601000 193892000 285746000
 [507] 377158000 531488000 930916000  39600000 438475000 533824000 720100000  38791000 496572000 904229000 936550000
 [518] 687584000 937122000 945576000  24573000 198548000 933656000 236268000 325174000 704432000 931213000 933036000
 [529]  12542000 160950000 486629000 507057000 573166000 611774000 662078000 715779000 829483000 935551000 946885000
 [540] 953949000  34293000 180579000 372043000 627192000 933776000 945916000 952245000 296381000 462372000 943997000
 [551] 948442000 402391000 953192000 748386000 938444000 953648000 953973000 133113000 190771000 575226000 684504000
 [562]  62326000 296736000 455665000 521012000 539086000   3491000  90222000 153073000 601783000  48941000 137031000
 [573] 629309000 160098000 166980000 232696000 290743000 314962000 528051000 569843000   2931000  77366000 244754000
 [584] 434171000 462847000 567943000 603555000 727745000  10250000  99804000 150186000 304686000 349810000 487073000
 [595] 516266000  42446000  75948000  79929000 193275000 551150000 553341000 575867000 227727000 242277000 368606000
 [606] 595170000 128250000 526282000 649831000 220927000 664406000  21637000  53932000  50784000  97393000 403570000
 [617] 717754000  17960000 132183000 252002000 379388000 546156000 666244000 698423000  21710000  35840000 236936000
 [628] 355984000 408877000 443395000 489724000 586110000 596980000 597432000  30631000 271873000 314465000 369841000
 [639] 437053000 681778000 689414000  69457000  94425000 149365000 184368000 277137000 447863000 728464000 194823000
 [650] 230149000 433500000 744251000 450441000 288571000 501912000 181290000 246790000 807653000 880714000 107461000
 [661] 732568000  71163000 131242000 416406000 661514000 852886000 185932000 198452000 261594000 319829000 320763000
 [672] 373349000 431488000 471477000 540188000 560620000 887322000 109650000 595010000 607018000 622305000 699154000
 [683] 877490000 907272000 102802000 320272000 329033000 359799000 372616000 533686000 834514000 132409000 333694000
 [694] 554588000 646771000 335350000 524183000 528453000 657882000 732778000  19071000 692242000  84532000 232307000
 [705] 400744000 821512000 875660000 883701000  46686000 289748000 920303000 210188000 495037000 514951000 742271000
 [716] 840432000 917796000  23561000 278371000 411913000 107708000 204028000 327295000 582361000 809862000  18129000
 [727]  66657000 197741000 241307000 330302000 356963000 419979000 498896000 630579000 847041000 853793000 869815000
 [738] 879188000 917551000 240385000 476851000 822755000 873445000 887442000 162855000 551441000 553539000 581935000
 [749] 141676000 524098000 878704000 918084000 129010000 152261000 595137000 682754000  41686000 573454000 611428000
 [760] 633265000 747941000 824099000 111513000 289026000 615239000 698838000 818593000 874640000  37405000 166757000
 [771] 298637000 377955000 688956000 836319000 919910000 123802000 421538000 527328000 724638000 847926000 912058000
 [782] 126486000 604109000 902480000 401523000 496235000 556959000  26378000 320660000  34182000 262754000 503381000
 [793] 655018000 262973000 471796000 485178000   6465000 166079000 172886000 642970000 826314000 840752000 871214000
 [804] 877335000 617966000 174252000 228593000   7631000 820943000  70092000 264397000 740840000 457711000 618472000
 [815] 166372000 318749000 526963000 136942000 651534000 118480000 125156000 172199000 657028000 658148000  51058000
 [826] 583217000 587889000 610969000 809634000  74222000 453806000 189837000 316976000 572727000 605725000 148535000
 [837] 318916000 682230000 827948000  64803000 141784000 240399000 630098000 661686000 671418000 162979000 404867000
 [848] 156024000   2674000 609317000  43181000 120624000 249973000 220499000 287935000 404043000 450145000 727629000
 [859] 307051000 858536000 857355000 910223000  64616000 455707000 456837000 804490000 248790000 171530000 914677000
 [870] 825488000 867074000 347404000 346232000  11132000 139733000 482840000 401745000 698574000 246744000  71667000
 [881]  92761000 331946000 648419000 858612000 862996000 393609000 463107000 568501000 553943000 878260000 726603000
 [892] 853475000 907070000  44202000 933608000 906343000 944622000 463681000 341785000 693519000 836855000 182953000
 [903] 576751000 940961000 948858000  99091000 938202000 939253000 941647000 950024000 932562000 936399000 937831000
 [914] 945760000 948226000 948335000 948914000 949691000 526677000 931672000 948515000 933766000 939586000 930093000
 [925] 932076000 952177000 953779000 936692000 238257000 306706000 615531000  23471000 166739000 290368000 679676000
 [936] 124978000  98772000 722863000 132847000 233030000 520952000 657864000  33552000 733663000 312095000 329245000
 [947] 631615000 645092000  55793000 680152000 734104000 596992000  44528000  60683000 177889000 358483000  97079000
 [958] 201274000 552780000 737052000 248893000 503073000 738404000 293768000 495626000 825996000  75182000 239155000
 [969] 609745000 917376000  89477000 274163000 383800000 126106000 159576000 176223000 418232000 866692000 867380000
 [980] 418988000 661264000 724034000 520030000 890750000 176459000 335981000 247322000 650013000 388147000 590115000
 [991] 628583000 524389000 557183000 640711000 869478000 287513000 585989000 814057000 559871000 670312000
 [ reached getOption("max.print") -- omitted 40 entries ]
[1] 652
[1] "Number of women: 652"
[1] "Number of unique births for women: 560"
[1] "Number of unique individuals for women: 1040"
